Tx:000111-00 83 00 00 00 06 01 03 00 00 00 0A
Rx:000112-00 83 00 00 00 17 01 03 14 00 55 00 55 55 00 55 00 06 DF 01 0D 39 30 39 30 30 39 00 00
Tx:000113-00 84 00 00 00 06 01 03 00 00 00 0A
Rx:000114-00 84 00 00 00 17 01 03 14 00 55 00 55 55 00 55 00 06 DF 01 0D 39 30 39 30 30 39 00 00
Tx:000115-00 85 00 00 00 06 01 03 00 00 00 0A
Rx:000116-00 85 00 00 00 17 01 03 14 00 55 00 55 55 00 55 00 06 DF 01 0D 39 30 39 30 30 39 00 00
Tx:000117-00 86 00 00 00 06 01 05 00 00 00 00
Rx:000118-00 86 00 00 00 06 01 05 00 00 00 00
Tx:000119-00 87 00 00 00 06 01 05 00 00 FF 00
Rx:000120-00 87 00 00 00 06 01 05 00 00 FF 00
Tx:000121-00 88 00 00 00 06 01 03 00 00 00 0A
Rx:000122-00 88 00 00 00 17 01 03 14 00 55 00 55 55 00 55 00 06 DF 01 0D 39 30 39 30 30 39 00 00
Tx:000123-00 89 00 00 00 06 01 03 00 00 00 0A
Rx:000124-00 89 00 00 00 17 01 03 14 00 55 00 55 55 00 55 00 06 DF 01 0D 39 30 39 30 30 39 00 00
Tx:000125-00 8A 00 00 00 06 01 05 00 01 00 00
Rx:000126-00 8A 00 00 00 06 01 05 00 01 00 00
Tx:000127-00 8B 00 00 00 06 01 03 00 00 00 0A
Rx:000128-00 8B 00 00 00 17 01 03 14 00 55 00 55 55 00 55 00 06 DF 01 0D 39 30 39 30 30 39 00 00
Tx:000129-00 8C 00 00 00 06 01 05 00 01 FF 00
Rx:000130-00 8C 00 00 00 06 01 05 00 01 FF 00
Tx:000131-00 8D 00 00 00 06 01 03 00 00 00 0A
Rx:000132-00 8D 00 00 00 17 01 03 14 00 55 00 55 55 00 55 00 06 DF 01 0D 39 30 39 30 30 39 00 00
Tx:000133-00 8E 00 00 00 06 01 03 00 00 00 0A
Rx:000134-00 8E 00 00 00 17 01 03 14 00 55 00 55 55 00 55 00 06 E2 01 0D 39 30 39 30 30 39 00 00

pregunto por dos analógicas
Tx:000277-01 2B 00 00 00 06 01 03 00 04 00 02
Rx:000278-01 2B 00 00 00 07 01 03 04 06 E2 01 0E
Tx:000279-01 2C 00 00 00 06 01 03 00 04 00 02
Rx:000280-01 2C 00 00 00 07 01 03 04 06 E2 01 0E
Tx:000281-01 2D 00 00 00 06 01 03 00 04 00 02
Rx:000282-01 2D 00 00 00 07 01 03 04 06 E2 01 0E
Tx:000283-01 2E 00 00 00 06 01 03 00 04 00 02
Rx:000284-01 2E 00 00 00 07 01 03 04 06 E2 01 0E
Tx:000285-01 2F 00 00 00 06 01 03 00 04 00 02
Rx:000286-01 2F 00 00 00 07 01 03 04 06 DF 01 0E
Tx:000287-01 30 00 00 00 06 01 03 00 04 00 02
Rx:000288-01 30 00 00 00 07 01 03 04 06 E2 01 0E
Tx:000289-01 31 00 00 00 06 01 03 00 04 00 02
Rx:000290-01 31 00 00 00 07 01 03 04 06 E2 01 0E
Tx:000291-01 32 00 00 00 06 01 03 00 04 00 02
Rx:000292-01 32 00 00 00 07 01 03 04 06 DF 01 0E
Tx:000293-01 33 00 00 00 06 01 03 00 04 00 02
Rx:000294-01 33 00 00 00 07 01 03 04 06 DF 01 0E

[13:56, 7/11/2025] Carlos Canal: Tepaso la trama Modbus TCP
[13:56, 7/11/2025] Carlos Canal: Trama ModBus TCP
Pregunta 
01 2C 00 00 00 06 01 03 00 04 00 02

Repuesta
 01 2C 00 00 00 07 01 03 04 06 E2 01 0E

Pregunta
 01 2D 00 00 00 06 01 03 00 04 00 02

Repuesta
 01 2D 00 00 00 07 01 03 04 06 E2 01 0E

Pregunta
 01 2E 00 00 00 06 01 03 00 04 00 02

Repuesta
 01 2E 00 00 00 07 01 03 04 06 E2 01 0E

Pregunta
 01 2F 00 00 00 06 01 03 00 04 00 02

Repuesta
 01 2F 00 00 00 07 01 03 04 06 DF 01 0E

Pregunta
 01 30 00 00 00 06 01 03 00 04 00 02

Repuesta
 01 30 00 00 00 07 01 03 04 06 E2 01 0E

Pregunta
 01 31 00 00 00 06 01 03 00 04 00 02

Repuesta
 01 31 00 00 00 07 01 03 04 06 E2 01 0E

Los dos primeros bytes se incrementan en uno continuamente.
La medición de temperatura interna : el byte 9 desplazado 8 veces mas el byte 10 dividido 100

Ti =(RTCPVec[9]<<8) +(RTCPVec[10]) ; // hay que dividir por 100
Ti=Ti/100.0; //Temperatura interior  Max31865
En la última repuesta es: ((0x06)<<8 +E2)/100.0 =0x6E2/100.0=17,62 grados
La medición de temperatura externa : el byte 11 desplazado 8 veces más el byte 12 dividido 16

Te =(RTCPVec[11]<<8) +(RTCPVec[12]) ; // hay que dividir por 16.0
Te=Te/100.0; //Temperatura interior  Max31865
En la última repuesta es: ((0x01)<<8 +0E)/100.0 =0x10E/16.0=16,87 grados
